time_baseline_sec: 1472.3905813694
time_attacked_sec: 3001.7771248817444
slowdown_S = t_attacked / t_base: 2.03870981169272
avg_token_overhead: 160.9
max_token_overhead: 719
avg_slowdown_ratio (tokens): 1.5453126415921825
avg_similarity_drop: 0.046009999999999995
