avg_token_overhead: 575.0
max_token_overhead: 789
avg_slowdown_ratio: 2.882284941284863
avg_similarity_drop: 0.053775
