avg_token_overhead: 233.625
max_token_overhead: 719
avg_slowdown_ratio: 1.7544291513159544
avg_similarity_drop: 0.053775
